# flags:
#    0 = wavelength has not been assigned to this detection
#    1 = user has assigned wavelength to this detection
#    2 = detection has been automatically assigned
#    3 = automatically assigned wavelength was rejected
|              pixel | wavelength | flag |
| 24.564701558689023 |    3462.07 |    3 |
| 34.909695280838214 |    3462.07 |    3 |
|  72.41818076540109 |    3544.37 |    3 |
|  82.45070376327374 |    3544.37 |    3 |
|   86.5345188825371 |    3544.37 |    3 |
| 115.25576704129035 |    3544.37 |    1 |
| 138.48229877964016 |    3555.32 |    3 |
| 153.18103017338072 |    3555.32 |    3 |
| 194.62522828679377 |    3592.56 |    2 |
| 255.66328646835157 |    3607.55 |    3 |
|  282.4028637591131 |    3607.55 |    3 |
|  334.2369124482458 |     3651.2 |    3 |
|  455.5463631982406 |     3651.2 |    3 |
| 476.38133375759566 |     3651.2 |    3 |
|  504.0000864187902 |    3655.88 |    1 |
|   528.624035875073 |    3664.33 |    1 |
|   542.477621256508 |    3663.93 |    3 |
|   547.430129039444 |    3664.33 |    3 |
|  594.3768061630713 |    3664.33 |    3 |
|  596.2148389925825 |    3664.33 |    3 |
|  623.9279379370105 |     3702.5 |    3 |
|  663.0512230001966 |     3702.5 |    1 |
|  672.4451794227273 |    3705.22 |    1 |
|   690.000007218038 |    3705.22 |    3 |
|  698.6131894844534 |    3705.22 |    3 |
|  751.5658011370253 |    3771.44 |    3 |
|  771.5108053631884 |    3771.44 |    3 |
|  810.9968664475707 |    3771.44 |    3 |
|  822.6032709863401 |    3771.44 |    3 |
|  892.4469240294932 |     3816.9 |    3 |
|  901.1220426740298 |     3816.9 |    1 |
|  909.6642371740999 |    3821.46 |    3 |
|  916.4533958188163 |    3821.46 |    3 |
|  968.7721899786098 |    3835.77 |    1 |
|  990.3953261761819 |    3862.06 |    3 |
|  999.5344694473292 |    3862.06 |    3 |
| 1008.8103344942357 |    3862.06 |    1 |
