# flags:
#    0 = wavelength has not been assigned to this detection
#    1 = user has assigned wavelength to this detection
#    2 = detection has been automatically assigned
#    3 = automatically assigned wavelength was rejected
|              pixel | wavelength | flag |
|  71.26790487489261 |    3894.73 |    1 |
|   82.8096290741599 |    3894.73 |    3 |
| 104.26813865199279 |    3902.98 |    3 |
| 124.74383402574156 |    3907.49 |    3 |
|  156.5313937820358 |    3948.62 |    3 |
| 176.99092373081712 |     3950.1 |    1 |
| 191.45991090748365 |     3950.1 |    3 |
| 209.95909915428865 |    3985.08 |    3 |
| 229.00278407579324 |    3985.08 |    3 |
|  292.5841784710018 |    4027.15 |    3 |
|  300.9547526093756 |    4027.15 |    3 |
|  304.0957285641799 |    4027.15 |    1 |
|  326.6227543798714 |    4027.15 |    3 |
|  338.3306299288516 |    4045.56 |    3 |
| 359.82553836793886 |    4045.56 |    1 |
|  360.3739095407528 |    4045.56 |    3 |
|  383.8806162880439 |    4047.71 |    3 |
| 391.61076507546653 |    4047.71 |    3 |
| 397.60127049934476 |    4047.71 |    3 |
|  402.3917227400305 |    4047.71 |    3 |
| 425.99969826207473 |    4078.99 |    3 |
|  439.2945246284161 |    4078.99 |    3 |
|  552.2373720559641 |    4109.21 |    1 |
|  590.3284349009328 |    4109.21 |    3 |
|  618.1012856554761 |    4159.76 |    3 |
|  647.6331048820707 |    4159.76 |    3 |
|  705.0141578317863 |    4192.21 |    1 |
|  721.9553720965083 |    4201.86 |    1 |
|  775.3133119447657 |    4252.38 |    3 |
|  793.0043400630124 |    4252.38 |    3 |
|  802.3358277696377 |    4252.38 |    1 |
|  817.7348838509812 |    4252.38 |    3 |
|   824.976698114398 |    4260.56 |    1 |
|   832.084243120747 |    4267.34 |    1 |
|  872.4936538469051 |    4273.37 |    3 |
|  929.5217157000557 |     4315.4 |    3 |
|  939.6763121220495 |     4315.4 |    3 |
|  984.2685163635558 |     4346.4 |    1 |
| 1009.0377524996289 |    4359.56 |    1 |
