# flags:
#    0 = wavelength has not been assigned to this detection
#    1 = user has assigned wavelength to this detection
#    2 = detection has been automatically assigned
#    3 = automatically assigned wavelength was rejected
|              pixel | wavelength | flag |
|  20.61766470548866 |    3342.44 |    1 |
| 39.592486518911215 |    3342.44 |    3 |
| 225.98476970394776 |    3342.44 |    3 |
| 243.99621896063388 |    3462.07 |    3 |
|  298.6962081481702 |    3462.07 |    3 |
|   388.528834049795 |    3462.07 |    3 |
|  439.3909417391734 |    3462.07 |    3 |
| 462.53293708035665 |    3462.07 |    1 |
|  502.8967810975678 |    3462.07 |    3 |
|  513.6077288712085 |    3462.07 |    3 |
|  546.9302729065327 |    3462.07 |    3 |
|  569.0002633674832 |    3462.07 |    3 |
|  575.0574360172011 |    3462.07 |    3 |
|  592.0728661603009 |    3462.07 |    3 |
|  640.3619731625786 |    3544.37 |    3 |
|  648.4671757255932 |    3544.37 |    3 |
|  656.9964346244794 |    3544.37 |    3 |
|  662.4087218181584 |    3544.37 |    3 |
|  687.1395016294688 |    3544.37 |    3 |
|  722.6341453344997 |    3544.37 |    3 |
|  765.6643002051616 |    3555.32 |    1 |
|  775.9942453712638 |    3555.32 |    3 |
|  805.8684818939322 |    3592.56 |    1 |
|  821.4594073354841 |    3592.56 |    3 |
|  843.8411302939866 |    3592.56 |    3 |
|  899.6914453637423 |    3607.55 |    3 |
|   926.579300253894 |    3607.55 |    3 |
|  942.9482263835407 |    3607.55 |    3 |
|  954.5694257178121 |     3651.2 |    3 |
|  965.3439250929914 |     3651.2 |    3 |
|  997.4393740489846 |     3651.2 |    1 |
