# flags:
#    0 = wavelength has not been assigned to this detection
#    1 = user has assigned wavelength to this detection
#    2 = detection has been automatically assigned
#    3 = automatically assigned wavelength was rejected
|              pixel | wavelength | flag |
| 38.619078274026506 |    3705.22 |    3 |
| 50.539817731151885 |    3705.22 |    3 |
|  58.23537212810151 |    3705.22 |    3 |
|  92.71136517786424 |    3705.22 |    3 |
| 100.53404531769795 |    3705.22 |    3 |
|  107.1581398721073 |    3771.44 |    3 |
| 124.11447688873021 |    3771.44 |    3 |
| 140.39764226669962 |    3771.44 |    3 |
| 211.08500089818003 |    3771.44 |    1 |
|  226.5359762815044 |    3771.44 |    3 |
| 238.89992012446032 |    3771.44 |    3 |
|  274.7528280100435 |    3791.09 |    1 |
|  312.4606102823673 |    3802.74 |    1 |
|  358.4112148882394 |     3816.9 |    1 |
| 373.23297797187456 |    3821.46 |    1 |
|  419.5501662014113 |    3835.77 |    1 |
| 445.99616743393454 |    3835.77 |    3 |
| 450.99474660649486 |    3835.77 |    3 |
|  478.1766279499237 |    3862.06 |    3 |
|  496.0015722549613 |    3862.06 |    3 |
|   504.751612622331 |    3862.06 |    1 |
|    514.45389835592 |    3862.06 |    3 |
|  548.5263783577911 |    3862.06 |    3 |
|  582.6566004285884 |    3894.73 |    3 |
|  610.7495968106546 |    3894.73 |    1 |
|  637.4502206363346 |    3902.98 |    1 |
|  643.2032321318133 |    3904.74 |    1 |
|  651.9687263250302 |    3907.49 |    1 |
|  693.2039866926482 |    3907.49 |    3 |
|  705.4526860990236 |    3907.49 |    3 |
|   735.682647603767 |    3948.62 |    3 |
|  789.8668467203182 |     3950.1 |    1 |
|  834.0731056625525 |     3950.1 |    3 |
|  857.5529987326602 |    3985.08 |    3 |
|  861.5657887437446 |    3985.08 |    3 |
|  902.9217820339503 |    3985.08 |    1 |
|  925.5056260775892 |    3985.08 |    3 |
|  991.2734872015108 |    4027.15 |    3 |
