# flags:
#    0 = wavelength has not been assigned to this detection
#    1 = user has assigned wavelength to this detection
#    2 = detection has been automatically assigned
#    3 = automatically assigned wavelength was rejected
|              pixel | wavelength | flag |
| 24.564701558689023 |        0.0 |    0 |
| 34.909695280838214 |        0.0 |    0 |
|  72.41818076540109 |        0.0 |    0 |
|  82.45070376327374 |        0.0 |    0 |
|   86.5345188825371 |        0.0 |    0 |
| 115.25576704129035 |        0.0 |    0 |
| 138.48229877964016 |        0.0 |    0 |
| 153.18103017338072 |    3544.37 |    1 |
| 194.62522828679377 |        0.0 |    0 |
| 255.66328646835157 |        0.0 |    0 |
|  282.4028637591131 |    3555.32 |    1 |
|  334.2369124482458 |        0.0 |    0 |
|  455.5463631982406 |        0.0 |    0 |
| 476.38133375759566 |        0.0 |    0 |
|  504.0000864187902 |    3592.56 |    1 |
|   528.624035875073 |        0.0 |    0 |
|   542.477621256508 |        0.0 |    0 |
|   547.430129039444 |        0.0 |    0 |
|  594.3768061630713 |        0.0 |    0 |
|  596.2148389925825 |        0.0 |    0 |
|  623.9279379370105 |        0.0 |    0 |
|  663.0512230001966 |     3651.2 |    1 |
|  672.4451794227273 |    3655.88 |    1 |
|   690.000007218038 |    3663.93 |    1 |
|  698.6131894844534 |    3664.33 |    1 |
|   747.003321426408 |        0.0 |    0 |
|  751.5631685891477 |        0.0 |    0 |
|  771.5113849967352 |    3705.22 |    1 |
|  810.9968664475707 |        0.0 |    0 |
|  822.6032709863401 |        0.0 |    0 |
|  892.4469240294932 |        0.0 |    0 |
|  901.1220426740298 |    3791.09 |    1 |
|  909.6642371740999 |        0.0 |    0 |
|  916.4533958188163 |        0.0 |    0 |
|  968.7722103401254 |    3835.77 |    1 |
|  990.3953261761819 |        0.0 |    0 |
|  999.5344694473292 |        0.0 |    0 |
| 1008.8103344942357 |        0.0 |    0 |
