# flags:
#    0 = wavelength has not been assigned to this detection
#    1 = user has assigned wavelength to this detection
#    2 = detection has been automatically assigned
#    3 = automatically assigned wavelength was rejected
|              pixel | wavelength | flag |
|  50.56445294155949 |        0.0 |    0 |
|  58.23462878858565 |        0.0 |    0 |
|  92.66975828558206 |        0.0 |    0 |
| 100.53395819383692 |        0.0 |    0 |
| 107.18164442159213 |        0.0 |    0 |
|  140.2795620156441 |        0.0 |    0 |
| 211.08413213405674 |    3771.44 |    1 |
|  226.5344232989617 |        0.0 |    0 |
| 238.89093044633992 |        0.0 |    0 |
| 274.75282843614195 |    3791.09 |    1 |
|  312.4606138806956 |    3802.74 |    1 |
| 358.41218493871173 |     3816.9 |    1 |
|  373.2329786082661 |    3821.46 |    1 |
| 419.54892797847117 |    3835.77 |    1 |
|  445.3665285984158 |        0.0 |    0 |
|  450.9974558067501 |        0.0 |    0 |
|  478.1756596713867 |        0.0 |    0 |
|  496.0173886828452 |        0.0 |    0 |
| 504.75157512232204 |    3862.06 |    1 |
|  514.4549958200016 |        0.0 |    0 |
|  523.4756698391737 |        0.0 |    0 |
|  526.5666401014805 |        0.0 |    0 |
|  547.9413654989723 |        0.0 |    0 |
|  582.6869273507423 |        0.0 |    0 |
|  610.7496363136412 |    3894.73 |    1 |
|  637.4502174139659 |    3902.98 |    1 |
|  643.2018031441769 |        0.0 |    0 |
|    651.96872549689 |    3907.49 |    1 |
|  693.1969869778641 |        0.0 |    0 |
|  705.4520133719672 |        0.0 |    0 |
|  735.9929521527163 |        0.0 |    0 |
|   789.866852296014 |     3950.1 |    1 |
|  834.0624982427969 |        0.0 |    0 |
|  857.5529797790836 |        0.0 |    0 |
|  861.5636441811135 |        0.0 |    0 |
|  902.9222985559398 |    3985.08 |    1 |
|  925.5060108333503 |        0.0 |    0 |
|  991.0438285869715 |        0.0 |    0 |
