# flags:
#    0 = wavelength has not been assigned to this detection
#    1 = user has assigned wavelength to this detection
#    2 = detection has been automatically assigned
#    3 = automatically assigned wavelength was rejected
|              pixel | wavelength | flag |
| 24.564701558689023 |        0.0 |    0 |
| 34.909695280838214 |        0.0 |    0 |
|  72.41818076540109 |        0.0 |    0 |
|  82.45070376327374 |        0.0 |    0 |
|   86.5345188825371 |        0.0 |    0 |
| 115.25576704129035 |    3342.44 |    1 |
| 153.19566118780446 |        0.0 |    0 |
| 194.62522828679377 |        0.0 |    0 |
| 255.66328646835157 |        0.0 |    0 |
|  282.4028637591131 |        0.0 |    0 |
|  334.2369124482458 |        0.0 |    0 |
| 476.38133375759566 |        0.0 |    0 |
|  504.0000864187902 |    3462.07 |    1 |
|   528.624035875073 |        0.0 |    0 |
|   542.477621256508 |        0.0 |    0 |
|   547.430129039444 |        0.0 |    0 |
|  594.3768061630713 |        0.0 |    0 |
|  596.2148389925825 |        0.0 |    0 |
|  623.9279379370105 |        0.0 |    0 |
|  663.0512230001966 |        0.0 |    0 |
|  672.4451794227273 |        0.0 |    0 |
|   690.000007218038 |        0.0 |    0 |
|  698.6131894844534 |        0.0 |    0 |
|   747.003321426408 |        0.0 |    0 |
|  751.5631685891477 |        0.0 |    0 |
|  771.5113849967352 |        0.0 |    0 |
|  811.2912846585527 |        0.0 |    0 |
|  822.8174958733546 |        0.0 |    0 |
|  892.4469240294932 |        0.0 |    0 |
|  901.1220426740298 |    3555.32 |    1 |
|  909.6642371740999 |        0.0 |    0 |
|  916.4533958188163 |        0.0 |    0 |
|  968.7722103401254 |    3592.56 |    1 |
|  990.4039345574033 |    3607.55 |    1 |
|  993.6788928805803 |    3607.55 |    1 |
