# flags:
#    0 = wavelength has not been assigned to this detection
#    1 = user has assigned wavelength to this detection
#    2 = detection has been automatically assigned
#    3 = automatically assigned wavelength was rejected
|              pixel | wavelength | flag |
| 20.617701892453518 |    3342.44 |    1 |
|  39.57570895507294 |        0.0 |    0 |
| 225.98476970394776 |        0.0 |    0 |
| 243.99621896063388 |        0.0 |    0 |
|  298.7786118592485 |        0.0 |    0 |
|   388.528834049795 |        0.0 |    0 |
|  439.3909417391734 |        0.0 |    0 |
| 462.53293708035665 |    3462.07 |    1 |
|  502.8967810975678 |        0.0 |    0 |
|  513.6077288712085 |        0.0 |    0 |
|  546.9302729065327 |        0.0 |    0 |
|  569.0002633674832 |        0.0 |    0 |
|  575.0574360172011 |        0.0 |    0 |
|  592.3420084744141 |        0.0 |    0 |
|  640.3619731625786 |        0.0 |    0 |
|  648.4671757255932 |        0.0 |    0 |
|  662.4087218181584 |        0.0 |    0 |
|  687.1395016294688 |        0.0 |    0 |
|  722.6341453344997 |        0.0 |    0 |
|  765.6643002051616 |    3555.32 |    1 |
|  775.9942453712638 |        0.0 |    0 |
|  805.8684818939322 |        0.0 |    0 |
|  821.4594073354841 |        0.0 |    0 |
|  843.8411302939866 |        0.0 |    0 |
|  899.6914453637423 |        0.0 |    0 |
|   926.579300253894 |        0.0 |    0 |
|  942.9482263835407 |    3607.55 |    1 |
|  954.5694257178121 |        0.0 |    0 |
|  965.3439250929914 |        0.0 |    0 |
|  997.4393740489846 |        0.0 |    0 |
