# flags:
#    0 = wavelength has not been assigned to this detection
#    1 = user has assigned wavelength to this detection
#    2 = detection has been automatically assigned
#    3 = automatically assigned wavelength was rejected
|              pixel | wavelength | flag |
|  71.26790487489261 |    3904.74 |    1 |
|   82.8096290741599 |        0.0 |    0 |
| 104.26813865199279 |        0.0 |    0 |
|  124.7771588170718 |        0.0 |    0 |
|  156.5313937820358 |        0.0 |    0 |
| 176.99092373081712 |     3950.1 |    1 |
| 191.45991090748365 |        0.0 |    0 |
| 209.95909915428865 |        0.0 |    0 |
| 229.00278407579324 |        0.0 |    0 |
|  292.5841784710018 |        0.0 |    0 |
|  300.9547526093756 |        0.0 |    0 |
|  304.0957285641799 |    4047.71 |    1 |
|  326.6227543798714 |        0.0 |    0 |
|  338.3306299288516 |        0.0 |    0 |
| 359.82554840702596 |        0.0 |    0 |
| 360.37406475883773 |    4078.99 |    1 |
|   391.619178155162 |        0.0 |    0 |
|  397.6025311343458 |        0.0 |    0 |
|  402.4206958375791 |        0.0 |    0 |
|  425.9971423431619 |        0.0 |    0 |
| 439.28906089984923 |        0.0 |    0 |
|  552.2373720559641 |        0.0 |    0 |
|  590.3284349009328 |        0.0 |    0 |
|  618.1012856554761 |        0.0 |    0 |
|  705.0141578317863 |    4165.35 |    1 |
|  721.9553720965083 |        0.0 |    0 |
|  775.3133119447657 |        0.0 |    0 |
|  793.0043400630124 |        0.0 |    0 |
|  802.3358277696377 |        0.0 |    0 |
|  817.7348838509812 |    4252.38 |    1 |
|   824.976698114398 |    4260.56 |    1 |
|   832.084243120747 |    4267.34 |    1 |
|  872.4936538469051 |        0.0 |    0 |
|  929.5217157000557 |        0.0 |    0 |
|  939.6763121220495 |        0.0 |    0 |
|  984.2685163635558 |     4346.4 |    1 |
